image_width: 964
image_height: 724
camera_name: camera
camera_matrix:
  rows: 3
  cols: 3
  data: [485.774523, 0.000000, 456.757953, 0.000000, 486.252244, 365.070897, 0.000000, 0.000000, 1.000000]
distortion_model: plumb_bob
distortion_coefficients:
  rows: 1
  cols: 5
  data: [-0.200463, 0.069371, 0.003125, 0.000066, 0.000000]
rectification_matrix:
  rows: 3
  cols: 3
  data: [1.000000, 0.000000, 0.000000, 0.000000, 1.000000, 0.000000, 0.000000, 0.000000, 1.000000]
projection_matrix:
  rows: 3
  cols: 4
  data: [427.341705, 0.000000, 460.594407, 0.000000, 0.000000, 434.511810, 369.435226, 0.000000, 0.000000, 0.000000, 1.000000, 0.000000]
