# oST version 5.0 parameters


[image]

width
964

height
724

[camera]

camera matrix
485.774523 0.000000 456.757953
0.000000 486.252244 365.070897
0.000000 0.000000 1.000000

distortion
-0.200463 0.069371 0.003125 0.000066 0.000000

rectification
1.000000 0.000000 0.000000
0.000000 1.000000 0.000000
0.000000 0.000000 1.000000

projection
427.341705 0.000000 460.594407 0.000000
0.000000 434.511810 369.435226 0.000000
0.000000 0.000000 1.000000 0.000000

